ftm6 =  [-8.36112, -8.36111] + [-47.0612, -47.0611] t + [-38.3545, -38.3544] t² + [90.4376, 90.4377] t³ + [102.183, 102.184] t⁴ + [-20.5814, -20.5813] t⁵ + [-58.0084, -58.0083] t⁶ + [-1.97165, 2.71142]
ftm7 =  [-8.36112, -8.36111] + [-47.0612, -47.0611] t + [-38.3545, -38.3544] t² + [90.4376, 90.4377] t³ + [102.183, 102.184] t⁴ + [-20.5814, -20.5813] t⁵ + [-58.0084, -58.0083] t⁶ + [-14.3341, -14.334] t⁷ + [-0.281401, 1.03908]
