a = [1.41421, 1.73206]
a = Interval(1.4142135623730951, 1.7320508075688774)
a = 1.57313 ± 0.158919
a = [1.414213562, 1.732050808]
