a = [1.414213562, 1.732050808]
a = Interval(1.4142135623730951, 1.7320508075688774)
a = 1.573132185 ± 0.1589186226
a = [1.414213562, 1.732050808]
